1 51445.0000 9479.4444
2 51455.2778 9815.8333
3 51462.2222 9433.6111
4 51466.6667 9716.6667
5 51468.6111 9810.0000
6 51470.0000 9416.3889
7 51472.7778 9768.8889
8 51481.9444 9762.2222
9 51483.3333 9350.0000
10 51483.3333 9366.6667
11 51483.6111 9783.0556
12 51486.3889 9724.7222
13 51487.7778 9348.0556
14 51493.8889 9709.1667
15 51495.5556 9315.0000
16 51499.1667 9613.0556
17 51500.8333 9229.7222
18 51500.8333 9708.6111
19 51505.8333 9350.8333
20 51511.3889 9585.0000
21 51513.3333 9305.5556
22 51513.6111 9233.0556
23 51515.8333 9193.8889
24 51519.7222 9271.9444
25 51520.8333 9656.1111
26 51522.2222 9394.1667
27 51522.7778 9502.5000
28 51524.4444 9602.2222
29 51526.3889 9183.3333
30 51530.2778 9331.9444
31 51531.9444 9146.6667
32 51533.3333 9116.6667
33 51533.3333 9533.3333
34 51535.2778 9483.6111
35 51536.6667 9460.5556
36 51537.7778 9678.3333
37 51538.6111 9637.2222
38 51540.5556 9208.0556
39 51543.8889 9347.5000
40 51550.0000 8916.6667
41 51550.0000 9133.3333
42 51550.0000 9266.6667
43 51550.0000 9466.6667
44 51550.0000 9588.6111
45 51550.0000 9833.3333
46 51551.9444 9132.2222
47 51553.3333 8912.2222
48 51554.4444 8957.7778
49 51555.2778 9273.3333
50 51557.7778 9412.5000
51 51561.9444 9781.3889
52 51563.8889 9413.6111
53 51564.4444 9390.0000
54 51566.6667 8914.4444
55 51566.6667 9033.3333
56 51567.5000 9079.1667
57 51569.7222 9510.8333
58 51571.3889 9743.8889
59 51571.6667 9138.8889
60 51571.9444 9358.0556
61 51572.7778 9480.8333
62 51573.0556 9118.8889
63 51573.3333 9062.5000
64 51577.5000 8881.6667
65 51577.5000 9698.6111
66 51577.7778 8749.4444
67 51580.5556 9499.7222
68 51582.2222 8718.8889
69 51583.3333 9433.3333
70 51583.3333 9566.6667
71 51583.6111 9002.2222
72 51583.6111 9069.7222
73 51583.8889 9541.3889
74 51584.7222 9703.8889
75 51585.0000 9186.6667
76 51586.3889 9354.7222
77 51587.2222 8979.4444
78 51587.5000 9265.5556
79 51590.5556 8947.7778
80 51591.3889 9583.3333
81 51592.2222 8908.6111
82 51592.5000 9130.0000
83 51595.2778 8775.2778
84 51597.2222 8726.9444
85 51598.8889 10035.8333
86 51600.0000 10133.3333
87 51600.8333 9137.7778
88 51601.3889 8958.8889
89 51601.9444 9018.6111
90 51603.3333 8829.7222
91 51603.6111 8973.8889
92 51603.6111 9092.2222
93 51605.0000 9271.3889
94 51605.5556 9635.8333
95 51605.8333 9301.6667
96 51605.8333 9378.0556
97 51606.1111 10175.0000
98 51606.1111 8853.6111
99 51606.3889 9469.1667
100 51607.2222 10043.6111
101 51608.0556 9103.3333
102 51608.3333 8779.4444
103 51608.6111 10061.9444
104 51610.2778 8978.0556
105 51610.2778 9515.0000
106 51611.1111 9328.0556
107 51612.2222 8855.8333
108 51612.7778 9539.4444
109 51613.0556 9266.1111
110 51614.1667 9694.7222
111 51615.0000 8858.8889
112 51616.3889 8978.6111
113 51616.6667 9083.3333
114 51616.6667 9533.3333
115 51616.9444 8940.2778
116 51617.2222 9097.7778
117 51619.4444 10016.3889
118 51620.5556 9680.8333
119 51621.6667 8975.2778
120 51622.7778 9038.3333
121 51623.0556 8870.5556
122 51623.0556 9356.3889
123 51627.5000 9643.6111
124 51629.1667 8975.8333
125 51631.3889 9328.6111
126 51631.3889 9650.2778
127 51631.9444 8713.0556
128 51632.7778 9230.5556
129 51633.0556 8775.2778
130 51633.3333 10033.3333
131 51634.1667 9224.1667
132 51634.7222 8563.8889
133 51634.7222 9055.5556
134 51635.0000 8776.1111
135 51635.2778 8826.6667
136 51635.5556 10055.0000
137 51635.8333 9178.0556
138 51638.8889 8839.7222
139 51639.4444 9313.0556
140 51639.4444 9817.5000
141 51639.4444 9963.6111
142 51640.2778 9295.8333
143 51641.9444 8575.2778
144 51642.2222 8773.0556
145 51643.3333 9951.9444
146 51644.7222 9065.5556
147 51645.2778 8595.5556
148 51645.5556 9858.3333
149 51646.3889 9221.9444
150 51646.6667 8834.7222
151 51646.6667 9454.4444
152 51646.6667 9981.1111
153 51646.9444 8963.8889
154 51647.7778 9587.7778
155 51648.8889 8991.3889
156 51650.0000 8900.0000
157 51650.0000 8966.6667
158 51650.0000 9266.6667
159 51650.0000 9916.6667
160 51650.5556 9179.7222
161 51650.8333 8645.0000
162 51652.2222 9155.5556
163 51653.8889 8945.2778
164 51654.4444 8873.8889
165 51654.7222 9567.5000
166 51656.6667 8637.2222
167 51656.6667 9272.5000
168 51657.7778 9382.2222
169 51658.8889 9343.3333
170 51659.4444 8929.4444
171 51660.0000 10068.6111
172 51660.0000 9154.1667
173 51661.1111 8995.0000
174 51662.5000 8861.1111
175 51663.0556 9074.4444
176 51664.1667 8742.2222
177 51666.6667 8750.0000
178 51666.6667 9016.6667
179 51667.7778 8600.2778
180 51667.7778 9821.6667
181 51668.6111 9381.1111
182 51670.5556 8570.8333
183 51671.6667 8714.7222
184 51672.2222 8905.2778
185 51674.4444 9280.8333
186 51675.0000 8576.3889
187 51675.0000 9478.0556
188 51675.2778 8941.3889
189 51675.5556 8693.3333
190 51675.5556 9990.0000
191 51676.1111 10032.7778
192 51676.9444 8549.1667
193 51677.2222 9164.7222
194 51677.5000 9492.2222
195 51677.7778 10000.5556
196 51679.4444 8990.5556
197 51681.9444 9232.7778
198 51682.5000 8648.8889
199 51682.5000 9297.5000
200 51682.5000 9651.9444
201 51683.3333 9450.0000
202 51683.3333 9700.0000
203 51683.3333 9950.0000
204 51683.6111 9374.7222
205 51684.4444 8572.7778
206 51685.0000 8901.3889
207 51685.0000 9971.9444
208 51686.1111 9847.5000
209 51687.7778 8845.0000
210 51687.7778 8983.3333
211 51688.3333 8953.0556
212 51689.1667 9932.7778
213 51689.7222 9638.8889
214 51690.8333 8601.6667
215 51691.6667 8443.0556
216 51691.6667 9670.5556
217 51691.9444 8721.9444
218 51692.2222 8499.7222
219 51692.7778 8860.5556
220 51693.6111 8890.0000
221 51693.6111 9940.0000
222 51694.1667 9661.9444
223 51695.5556 8664.7222
224 51695.8333 9345.2778
225 51700.0000 9066.6667
226 51700.8333 9129.4444
227 51700.8333 9725.0000
228 51701.6667 9025.5556
229 51701.9444 9652.2222
230 51703.3333 8502.2222
231 51704.7222 9266.1111
232 51705.5556 9068.0556
233 51706.1111 9365.0000
234 51706.3889 8521.6667
235 51706.3889 8677.7778
236 51706.9444 9430.2778
237 51707.2222 8854.1667
238 51707.5000 8530.5556
239 51707.7778 9954.1667
240 51708.6111 9081.3889
241 51709.4444 9611.3889
242 51711.9444 9040.5556
243 51712.7778 8634.4444
244 51713.3333 9720.0000
245 51716.6667 9116.6667
246 51716.6667 9566.6667
247 51716.6667 9950.0000
248 51717.5000 8742.5000
249 51718.3333 8451.6667
250 51719.1667 8501.9444
251 51720.2778 9916.9444
252 51724.4444 9892.5000
253 51724.7222 8406.9444
254 51724.7222 8862.5000
255 51725.2778 8521.1111
256 51725.2778 9968.8889
257 51727.2222 9780.5556
258 51727.5000 8780.0000
259 51727.7778 9024.7222
260 51728.3333 8618.8889
261 51731.1111 9073.6111
262 51732.2222 8953.8889
263 51733.0556 9291.3889
264 51735.0000 8355.5556
265 51735.8333 8552.2222
266 51736.6667 8785.5556
267 51736.6667 9973.8889
268 51736.9444 8956.9444
269 51738.8889 8490.0000
270 51740.2778 8815.8333
271 51740.2778 9947.5000
272 51740.5556 9895.5556
273 51741.3889 9559.1667
274 51741.6667 8364.4444
275 51741.6667 8938.0556
276 51743.0556 8914.1667
277 51743.3333 9348.3333
278 51743.6111 9305.8333
279 51744.1667 9415.5556
280 51744.4444 8610.2778
281 51745.5556 8439.7222
282 51745.8333 9863.6111
283 51746.1111 9900.8333
284 51746.9444 8742.5000
285 51747.2222 8340.2778
286 51748.6111 9205.8333
287 51750.0000 9550.0000
288 51750.0000 9766.6667
289 51753.8889 9458.8889
290 51754.4444 9776.3889
291 51755.2778 8437.5000
292 51756.3889 8741.9444
293 51756.3889 9054.7222
294 51756.6667 8987.7778
295 51756.9444 9855.0000
296 51757.2222 9399.1667
297 51757.5000 8666.9444
298 51758.6111 8709.4444
299 51759.1667 9553.0556
300 51760.0000 8796.1111
301 51760.2778 9039.4444
302 51760.5556 9096.9444
303 51761.3889 8416.3889
304 51761.3889 9525.0000
305 51762.5000 9190.0000
306 51762.7778 8603.3333
307 51763.0556 9781.1111
308 51763.3333 8328.3333
309 51764.4444 8374.1667
310 51764.7222 8754.1667
311 51764.7222 9894.1667
312 51765.2778 8453.3333
313 51765.2778 9291.3889
314 51765.2778 9355.2778
315 51765.5556 8885.0000
316 51765.8333 8818.8889
317 51766.6667 10100.0000
318 51766.6667 8966.6667
319 51766.6667 9850.0000
320 51767.2222 8561.3889
321 51768.0556 8659.1667
322 51770.0000 9039.1667
323 51771.1111 8615.0000
324 51771.6667 8961.1111
325 51772.5000 9451.1111
326 51772.7778 8681.3889
327 51774.7222 8526.9444
328 51776.1111 9770.5556
329 51776.3889 9310.2778
330 51776.6667 8893.0556
331 51776.9444 9170.8333
332 51777.5000 8497.7778
333 51778.8889 8904.1667
334 51779.1667 10076.9444
335 51780.2778 8721.9444
336 51780.5556 8294.4444
337 51781.1111 9155.5556
338 51781.3889 9555.8333
339 51781.9444 8665.2778
340 51782.2222 8873.6111
341 51783.3333 10333.3333
342 51783.3333 9566.6667
343 51783.6111 9322.2222
344 51784.4444 8874.4444
345 51784.7222 8924.1667
346 51785.0000 8610.2778
347 51785.5556 10062.7778
348 51786.1111 9216.9444
349 51786.3889 8743.6111
350 51788.6111 10051.9444
351 51788.6111 8640.8333
352 51789.4444 8703.8889
353 51789.7222 8294.1667
354 51790.0000 9812.2222
355 51790.5556 9138.8889
356 51791.1111 8865.2778
357 51792.2222 8673.3333
358 51792.5000 8837.7778
359 51792.7778 8788.3333
360 51792.7778 9132.5000
361 51793.0556 9023.8889
362 51795.5556 9078.8889
363 51796.1111 8950.5556
364 51796.9444 8168.8889
365 51797.5000 9273.8889
366 51797.5000 9376.3889
367 51797.7778 8187.5000
368 51798.3333 8300.8333
369 51798.6111 8851.6667
370 51800.0000 10166.6667
371 51800.0000 10283.3333
372 51801.1111 8493.6111
373 51801.9444 9983.6111
374 51802.5000 9991.1111
375 51805.8333 8182.5000
376 51806.3889 8694.4444
377 51806.9444 8652.7778
378 51806.9444 9990.5556
379 51807.2222 8633.6111
380 51807.5000 8836.1111
381 51807.5000 9054.4444
382 51807.7778 8990.5556
383 51808.0556 9330.8333
384 51808.3333 8108.3333
385 51811.3889 8463.0556
386 51811.6667 8146.6667
387 51811.6667 8398.6111
388 51813.0556 8710.2778
389 51814.1667 8536.9444
390 51814.4444 9757.7778
391 51815.0000 9233.3333
392 51815.2778 9298.3333
393 51815.8333 10158.3333
394 51816.6667 10283.3333
395 51818.0556 8134.7222
396 51818.6111 9105.2778
397 51819.1667 9089.4444
398 51819.4444 8788.0556
399 51819.7222 8496.3889
400 51819.7222 9564.1667
401 51820.2778 8608.0556
402 51820.8333 8184.4444
403 51821.6667 8052.2222
404 51821.6667 8779.7222
405 51822.5000 8419.1667
406 51823.6111 9537.5000
407 51823.8889 8462.7778
408 51824.1667 10044.4444
409 51824.4444 9121.9444
410 51824.7222 8656.1111
411 51824.7222 8807.7778
412 51825.2778 8859.7222
413 51826.3889 8318.3333
414 51826.6667 9742.5000
415 51826.9444 9074.4444
416 51827.5000 8463.8889
417 51828.0556 8080.8333
418 51828.3333 9570.0000
419 51829.4444 9197.7778
420 51829.7222 9895.5556
421 51830.5556 8143.3333
422 51830.5556 8229.7222
423 51830.5556 8585.2778
424 51832.5000 8357.5000
425 51832.5000 9497.2222
426 51833.3333 10166.6667
427 51833.3333 10250.0000
428 51833.3333 8016.1111
429 51833.3333 8411.9444
430 51833.3333 9033.3333
431 51833.3333 9116.6667
432 51833.3333 9900.0000
433 51833.8889 8316.9444
434 51834.4444 8877.2222
435 51835.2778 8036.1111
436 51835.2778 8493.3333
437 51836.3889 8748.3333
438 51837.2222 9836.3889
439 51838.6111 9740.8333
440 51838.8889 9980.5556
441 51839.1667 8212.2222
442 51841.6667 9278.3333
443 51842.2222 8935.2778
444 51842.7778 10028.6111
445 51843.8889 8036.6667
446 51843.8889 8741.1111
447 51844.1667 8168.3333
448 51845.0000 8701.1111
449 51845.5556 10296.6667
450 51846.1111 8996.9444
451 51846.3889 8204.7222
452 51846.6667 8891.1111
453 51846.6667 9108.0556
454 51847.7778 10242.2222
455 51847.7778 8841.9444
456 51848.0556 10073.0556
457 51848.0556 9035.5556
458 51848.6111 8195.5556
459 51849.7222 8645.0000
460 51850.0000 8316.6667
461 51850.0000 8582.7778
462 51850.0000 8716.6667
463 51850.0000 9233.3333
464 51850.0000 9750.0000
465 51850.5556 8341.3889
466 51850.8333 10124.7222
467 51851.3889 10166.6667
468 51851.3889 8794.1667
469 51851.3889 8984.4444
470 51851.9444 8167.2222
471 51852.7778 8152.2222
472 51853.0556 9827.5000
473 51853.3333 10110.0000
474 51853.8889 9520.2778
475 51854.4444 8070.8333
476 51854.7222 10362.2222
477 51855.5556 9283.8889
478 51855.8333 9619.1667
479 51855.8333 9847.7778
480 51856.1111 9505.2778
481 51856.6667 9175.2778
482 51856.9444 9166.1111
483 51857.2222 8299.1667
484 51857.2222 8738.8889
485 51857.7778 10297.2222
486 51858.3333 10168.0556
487 51858.3333 9240.0000
488 51858.6111 9098.0556
489 51858.8889 9023.6111
490 51859.1667 9291.9444
491 51859.4444 8559.1667
492 51860.0000 8880.0000
493 51861.1111 9189.4444
494 51861.3889 9630.5556
495 51861.6667 8388.3333
496 51861.6667 8647.2222
497 51862.2222 8254.4444
498 51862.5000 10069.1667
499 51862.7778 8124.4444
500 51863.0556 8297.7778