1 51445.0000 9479.4444
2 51455.2778 9815.8333
3 51462.2222 9433.6111
4 51466.6667 9716.6667
5 51468.6111 9810.0000
6 51470.0000 9416.3889
7 51472.7778 9768.8889
8 51481.9444 9762.2222
9 51483.3333 9350.0000
10 51483.3333 9366.6667
11 51483.6111 9783.0556
12 51486.3889 9724.7222
13 51487.7778 9348.0556
14 51493.8889 9709.1667
15 51495.5556 9315.0000
16 51499.1667 9613.0556
17 51500.8333 9229.7222
18 51500.8333 9708.6111
19 51505.8333 9350.8333
20 51511.3889 9585.0000
21 51513.3333 9305.5556
22 51513.6111 9233.0556
23 51515.8333 9193.8889
24 51519.7222 9271.9444
25 51520.8333 9656.1111
26 51522.2222 9394.1667
27 51522.7778 9502.5000
28 51524.4444 9602.2222
29 51526.3889 9183.3333
30 51530.2778 9331.9444
31 51531.9444 9146.6667
32 51533.3333 9116.6667
33 51533.3333 9533.3333
34 51535.2778 9483.6111
35 51536.6667 9460.5556
36 51537.7778 9678.3333
37 51538.6111 9637.2222
38 51540.5556 9208.0556
39 51543.8889 9347.5000
40 51550.0000 8916.6667
41 51550.0000 9133.3333
42 51550.0000 9266.6667
43 51550.0000 9466.6667
44 51550.0000 9588.6111
45 51550.0000 9833.3333
46 51551.9444 9132.2222
47 51553.3333 8912.2222
48 51554.4444 8957.7778
49 51555.2778 9273.3333
50 51557.7778 9412.5000
51 51561.9444 9781.3889
52 51563.8889 9413.6111
53 51564.4444 9390.0000
54 51566.6667 8914.4444
55 51566.6667 9033.3333
56 51567.5000 9079.1667
57 51569.7222 9510.8333
58 51571.3889 9743.8889
59 51571.6667 9138.8889
60 51571.9444 9358.0556
61 51572.7778 9480.8333
62 51573.0556 9118.8889
63 51573.3333 9062.5000
64 51577.5000 8881.6667
65 51577.5000 9698.6111
66 51577.7778 8749.4444
67 51580.5556 9499.7222
68 51582.2222 8718.8889
69 51583.3333 9433.3333
70 51583.3333 9566.6667
71 51583.6111 9002.2222
72 51583.6111 9069.7222
73 51583.8889 9541.3889
74 51584.7222 9703.8889
75 51585.0000 9186.6667
76 51586.3889 9354.7222
77 51587.2222 8979.4444
78 51587.5000 9265.5556
79 51590.5556 8947.7778
80 51591.3889 9583.3333
81 51592.2222 8908.6111
82 51592.5000 9130.0000
83 51595.2778 8775.2778
84 51597.2222 8726.9444
85 51598.8889 10035.8333
86 51600.0000 10133.3333
87 51600.8333 9137.7778
88 51601.3889 8958.8889
89 51601.9444 9018.6111
90 51603.3333 8829.7222
91 51603.6111 8973.8889
92 51603.6111 9092.2222
93 51605.0000 9271.3889
94 51605.5556 9635.8333
95 51605.8333 9301.6667
96 51605.8333 9378.0556
97 51606.1111 10175.0000
98 51606.1111 8853.6111
99 51606.3889 9469.1667
100 51607.2222 10043.6111
